SITE SR MP AADT K30 FACTOR K100 FACTOR DESIGN FACTOR D-FACTOR
P27 025 97.00 321 12.46 11.21 12.46 60.00 R Eastern
P26 395 260.00 599 15.36 13.02 15.36 51.09 R Eastern
R100 017 112.25 632 13.77 11.87 13.77 58.62 R Eastern
P02 002 179.10 661 20.73 17.10 17.10 69.03 R K Eastern
S840 504 19.43 688 31.40 23.84 23.84 60.37 R K Western
R040N 123 3.88 936 24.68 20.51 20.51 80.73 R K Western
R077 014 102.27 1,630 13.01 11.47 11.47 65.09 R Eastern
R037 020 191.90 1,819 23.20 18.75 23.20 54.55 R K Eastern
P22 097 335.30 1,835 13.24 12.10 13.24 51.85 R Eastern
R040W 012 135.10 1,926 28.97 20.30 20.30 52.43 R K Western
R067 012 389.71 1,954 13.41 12.03 13.41 50.00 R Eastern
R083 009 32.98 1,981 16.36 13.07 13.07 66.98 R Western
P05 012 376.98 1,991 12.96 11.75 12.96 53.10 R Eastern
S818W 410 116.26 2,147 19.24 16.39 16.39 55.68 R K Eastern
R054 101 104.55 2,181 13.11 11.69 13.11 55.24 R Western
S818S 012 185.25 2,184 24.68 19.92 19.92 53.79 R K Eastern
P17 221 13.10 2,238 12.29 11.26 12.29 75.64 R Eastern
S820 020 304.60 2,239 11.84 10.85 11.84 58.49 R Eastern
R076 014 100.64 2,312 12.46 11.42 12.46 54.86 R Eastern
S841E 401 0.15 2,575 15.53 12.97 15.53 66.11 R Western
R074 101 30.00 2,583 20.67 16.76 16.76 57.74 R K Western
P18 101 324.80 2,647 18.13 15.53 15.53 52.31 R K Western
R073 101 204.00 2,718 14.16 12.51 12.51 63.12 R Western
R066 026 43.06 2,874 21.22 15.69 21.22 83.81 R K Eastern
R064 002 250.50 2,917 11.83 10.87 11.83 52.46 R Eastern
S819 411 7.97 3,446 10.27 9.69 9.69 67.88 R Western
P14 195 22.20 3,546 11.70 10.12 11.70 57.59 R Eastern
P23 097 286.16 3,973 10.19 9.31 10.19 61.73 R Eastern
S818E 012 185.62 4,231 21.15 17.89 17.89 61.29 R K Eastern
R058 002 80.20 4,282 20.76 17.96 17.96 72.67 R K Eastern
S612 024 43.50 4,480 11.12 10.20 11.12 64.66 R Eastern
R057 970 6.85 4,672 18.24 15.33 15.33 65.64 R K Eastern
P11 097 250.35 4,716 11.49 10.56 11.49 69.56 R Eastern
P13 195 6.01 4,745 10.58 9.76 10.58 59.96 R Eastern
R084 097 220.55 4,862 11.74 10.65 11.74 73.56 R Eastern
R038 002 50.12 5,038 20.35 17.80 20.35 79.60 R Western
R041 097 13.41 5,207 20.35 17.80 20.35 79.60 R Eastern
R078 004 55.05 5,273 10.26 9.48 10.26 53.79 R Western
R043 105 31.92 5,312 13.14 11.56 13.14 72.21 R Western
R068 097 293.42 5,511 10.36 9.65 10.36 67.08 R Eastern
R095 104 19.48 5,549 11.39 10.45 11.39 53.01 R Western
R047S 097 178.19 5,802 16.67 14.37 14.37 67.87 R K Eastern
P30 027 77.30 6,325 10.58 9.80 10.58 64.42 R Eastern
S841W 101 0.60 6,382 14.18 12.66 14.18 75.33 R Western
R020 017 30.37 6,644 9.75 9.00 9.75 51.39 R Eastern
P07 014 17.70 6,704 11.28 10.38 11.28 76.72 U Western
R075 012 77.78 6,939 12.16 11.01 12.16 60.43 R Western
R059 97Alt 201.53 6,973 13.25 11.93 13.25 65.48 U Eastern
R008 012 307.90 7,349 11.13 10.00 11.13 57.09 R Eastern
R111 395NSC 167.18 7,367 11.92 11.43 11.92 61.16 U Eastern
R070 395 235.60 7,836 10.50 9.99 10.50 55.89 R Eastern
P7C 395 93.01 8,066 12.63 11.36 12.63 53.39 R Eastern
P33 290 17.66 8,268 12.48 11.51 12.48 66.57 R Eastern
S706 020 20.02 8,492 10.70 10.00 10.70 62.05 R Western
R063 395 190.29 8,772 10.80 10.07 10.80 52.69 R Eastern
P10 090 218.83 11,155 15.09 13.18 13.18 66.33 R K Eastern
P21 009 28.75 11,676 10.28 9.78 10.28 60.92 R Western
R114 395 163.98 11,710 11.42 11.05 11.42 67.17 U Eastern
R055 090 180.33 11,843 14.42 12.86 12.86 54.63 R K Eastern
R023 101 281.15 12,191 11.85 10.79 11.85 60.42 R Western
P03 097 66.3 13,149 9.99 9.34 9.99 53.12 R Eastern
R047W 002 103.92 13,498 11.74 11.02 11.74 56.91 R Eastern
R061 395 36.24 15,152 10.66 9.93 10.66 56.28 R Eastern
R042 090 136.59 15,757 15.40 13.80 13.80 52.39 R K Eastern
R047E 002 104.84 15,913 12.19 11.15 12.19 53.56 R Eastern
B03 395 27.2 16,677 10.50 9.89 10.50 53.46 R Eastern
P28 002 301.4 16,926 10.55 9.68 10.55 64.67 R Eastern
R085 104 13.92 17,158 10.93 10.21 10.93 51.12 R Western
R089 003 28.68 17,350 9.14 8.81 9.14 50.38 U Western
R096 307 2.31 17,644 9.81 9.49 9.81 55.69 R Western
R048 082 24.83 17,843 11.10 10.47 11.10 50.00 R Eastern
R003W 008 20.67 17,963 11.32 10.13 11.32 58.36 U Western
R014 090 254.23 18,942 13.11 11.85 13.11 57.03 R Eastern
P09 082 121.2 18,942 10.38 9.72 10.38 54.35 R Eastern
R086 082 131.79 20,506 10.10 9.59 10.10 52.85 R Eastern
R090 007 58.20 20,563 10.38 9.64 10.38 52.20 U Western
B02 012 12.30 20,725 11.81 10.50 11.81 62.99 U Western
P9 005 274.17 21,385 9.84 9.26 9.84 54.30 U Western
S503 433 0.70 22,410 10.13 9.64 10.13 51.12 U Western
R069 101 254.35 22,806 10.09 9.73 10.09 56.08 U Western
P01 002 113.10 22,858 10.98 9.97 10.98 53.94 R Eastern
R053 002 119.77 24,080 10.73 10.13 10.73 56.00 U Eastern
S838 018 27.62 25,216 10.28 9.84 10.28 56.35 R Western
P08 082 48.50 26,806 10.11 9.51 10.11 50.79 R Eastern
S903 090 63.98 30,180 12.93 11.18 11.18 58.76 R K Eastern
B04 090 82.70 30,953 14.01 12.92 12.92 57.15 R K Eastern
S803 005 269.41 31,366 9.27 8.87 9.27 54.16 R Western
R003N 101 361.37 31,503 9.51 9.32 9.51 58.38 U Western
S901 090 47.71 32,164 14.39 13.26 13.26 52.75 R K Western
S206 202 9.65 33,180 9.36 9.14 9.36 54.89 U Western
R039 090 33.56 35,881 13.95 12.96 12.96 51.06 U K Western
R105 285 4.51 39,275 9.85 9.59 9.85 52.38 U Eastern
R021 002 289.79 40,577 9.33 8.97 9.33 57.01 U Eastern
P06 014 11.90 42,313 9.14 8.90 9.14 56.02 U Western
R112 167 5.71 42,582 8.66 8.45 8.66 60.02 U Western
S839 599 1.15 43,225 9.81 9.51 9.81 57.52 U Western
S502 520 0.00 47,823 9.53 9.14 9.53 56.76 U Western
R050 003 44.33 48,426 10.06 9.81 10.06 50.75 U Western
R003E 101 362.01 49,200 9.58 9.18 9.58 59.99 R Western
R088 016 18.65 49,473 8.79 8.48 8.79 53.61 R Western
P29 082 34.02 49,709 10.06 9.51 10.06 52.33 U Eastern
P04 005 261.33 50,209 9.21 8.90 9.21 57.76 U Western
P19 522 13.30 50,284 8.55 8.35 8.55 66.82 U Western
S103 285 0.40 53,693 9.71 9.44 9.71 54.72 U Eastern
P8 005 44.30 54,378 10.37 9.38 10.37 50.12 R Western
P24 090 298.79 54,395 9.99 9.61 9.99 55.33 U Eastern
R116 016 27.09 56,128 9.03 8.81 9.03 59.04 U Western
D13 518 0.35 59,291 7.98 7.79 7.98 53.58 U Western
P20 018 5.26 61,396 8.88 8.57 8.88 50.34 U Western
R110 005 217.17 61,631 9.71 9.20 9.71 54.14 R Western
D14 509 26.37 62,034 9.81 9.53 9.81 61.52 U Western
S826 090 23.54 62,945 10.30 9.32 10.30 63.44 R Western
R087 395 18.58 63,082 9.22 8.92 9.22 50.28 U Eastern
R101 099 29.37 63,410 9.31 9.11 9.31 50.96 U Western
R104 005 75.35 63,523 9.49 9.09 9.49 51.83 U Western
R019 005 85.57 64,448 9.33 8.92 9.33 50.35 R Western
R115 005 35.88 65,870 9.65 9.13 9.65 50.13 U Western
D10 520 4.00 67,592 10.39 10.04 10.39 51.42 U Western
D12 018 12.55 67,592 10.39 10.04 10.39 51.42 U Western
R093 005 226.96 70,955 8.81 8.49 8.81 52.27 U Western
R062 240 37.20 73,919 10.63 10.30 10.63 56.86 U Eastern
R045 005 20.14 74,269 9.22 8.80 9.22 51.01 U Western
R097 005 100.54 74,553 8.70 8.38 8.70 53.57 U Western
S547 520 12.01 77,665 9.38 9.16 9.38 73.45 U Western
R108 005 253.81 77,757 9.02 8.83 9.02 50.93 U Western
R052 002 0.26 78,176 8.59 8.41 8.59 67.45 U Western
R118 090 278.80 78,379 9.37 9.02 9.37 54.88 U Western
R044 016 8.43 81,136 8.76 8.56 8.76 59.86 U Western
R109 005 11.65 88,428 8.73 8.43 8.73 51.58 R Western
R001 005 207.76 89,424 8.71 8.40 8.71 55.23 R Western
R106 512 11.43 89,757 7.55 7.39 7.55 53.38 U Western
D3 512 1.53 90,281 7.71 7.63 7.71 59.26 U Western
R098 101 366.77 99,003 9.03 8.84 9.03 53.23 U Western
R099 005 104.04 101,350 8.50 8.30 8.50 52.32 U Western
R051 205 29.85 117,686 8.16 8.01 8.16 54.67 U Western
R036 090 285.23 117,818 9.54 9.28 9.54 56.06 U Eastern
S824 405 28.99 119,255 8.05 7.86 8.05 50.52 U Western
R060 005 110.03 119,277 7.92 7.76 7.92 51.73 U Western
R117 090 2.98 120,604 8.53 8.37 8.53 55.17 U Western
R107 016 1.63 120,812 7.99 7.80 7.99 58.81 U Western
P6 167 23.70 123,382 6.83 6.74 6.83 58.54 U Western
R091 005 119.39 124,884 7.50 7.36 7.50 50.90 U Western
S825 090 14.65 127,729 8.83 8.54 8.83 62.73 U Western
R017 090 4.22 131,979 8.33 8.12 8.33 52.12 U Western
P5 005 1.98 133,794 8.17 8.03 8.17 58.38 U Western
R120 005 123.43 138,577 7.44 7.28 7.44 50.82 U Western
P4 005 106.70 143,017 8.35 8.21 8.35 50.44 U Western
S203 090 10.82 146,408 8.17 8.01 8.17 55.80 U Western
R092 005 126.18 148,229 7.46 7.33 7.46 55.28 U Western
D1 405 9.26 150,937 6.94 6.77 6.94 51.36 U Western
S827 405 4.96 153,081 7.19 7.04 7.19 52.21 U Western
P1 005 184.48 186,045 7.41 7.27 7.41 53.55 U Western
R082 005 193.07 187,316 7.32 7.15 7.32 50.68 U Western
P3 005 176.72 187,892 7.22 7.08 7.22 50.69 U Western
S204 405 13.04 192,400 7.35 7.19 7.35 51.24 U Western
S837 005 136.80 192,671 6.81 6.68 6.81 55.27 U Western
R034 005 131.18 197,418 7.04 6.90 7.04 51.75 U Western
S809 005 148.07 203,371 7.56 7.40 7.56 56.76 U Western
R046 005 168.84 205,755 6.64 6.50 6.64 50.08 U Western
S205 005 153.48 223,881 7.48 7.25 7.48 55.66 U Western